e-OBS precipitation
1979 2020
97.7352955740164 60.2156871717934 183.896081171638 94.8137269030307 61.3784322871589 109.880393794208 86.9019620792538 171.986277072599 119.176472364103 257.619611681968 92.6215700076199 116.915688016689
47.4000007063151 10.9019609467656 78.6725501919202 8.80588248415905 113.015687958575 164.741178925423 131.521570587275 62.4058832828613 27.290196485087 235.545101549111 47.8725497329644 13.903921775812
14.6098041392717 2.20000003278255 150.427453221936 54.2509812005595 202.907846160817 80.4607855126846 227.247062209774 71.8725500905923 228.272552421134 103.625491740219 10.2254903484501 115.666668390234
28.3549023833053 14.4764708039515 86.4941189359217 6.57647068623235 110.690197727844 152.994119926849 139.488237372654 192.531375417961 104.08627606081 180.064708565526 133.613727481196 79.9039227592886
23.3392160340559 13.5784315748834 69.6647069204379 136.368629483031 303.572553543191 49.6647066224147 39.6294123552301 103.531374091757 111.770589900806 30.6490200645491 21.0980395300716 94.8196092560596
20.1568630454587 59.7000008895994 81.3372561139804 72.6411775530261 249.694121367791 90.4137268374655 21.9058826793643 107.376472188269 194.072551911514 105.470589806928 56.9235302599914 57.7254910562553
115.900001727045 7.28431383403492 130.482354885515 65.0078441059472 170.309806459382 118.174511564859 85.1725502887777 147.764708084219 38.3333339045445 16.3176473019754 71.9372559739094 53.0196086331909
95.0764720049851 39.49607901991 34.156863254075 305.217651606921 97.5352955710363 74.6019618959696 86.237256186996 141.164707985871 53.0431380453063 17.2823531987036 37.6941182087449 23.4843140754338
38.1509809606508 102.905883886358 32.525490680746 78.8431384297563 107.692158467483 188.62745379116 208.556865852837 119.331374327196 81.0921580711124 153.886276802888 62.5666675989827 24.1235297712334
104.480393713742 57.4509812482432 68.4705892555854 59.8215695188618 197.470591177835 123.176472423708 113.843138951297 116.041178199736 56.5352949600886 192.388238160926 7.30392167746436 42.1843143540855
0 79.8156874638561 41.1176476715242 291.84706317239 61.7549028810041 119.39411942617 121.249021414594 75.9921579951165 56.4666675080856 16.8980394674867 63.2843146684999 97.7607857704746
38.9529417569147 66.6529421696768 16.2862747524883 120.888237095493 77.8254913557686 199.323532381917 51.8862752829697 70.7078441908838 41.60784375726 142.527453104217 131.190198033318 59.0098048008832
36.1000005379319 16.5117649519268 119.601962566522 41.4176476759946 73.7686285502187 111.837256568466 91.2686288109889 8.6274511089512 189.511767529828 92.4607856914985 66.886275506487 58.2941185157088
21.7901964031306 26.560784709512 77.6098050780449 121.447060633232 68.0882363087114 194.035297008998 132.860786293505 107.458825130673 140.03137463565 186.909806706742 54.1352949243258 102.749021138923
4.1019608454377 17.4921571233986 39.3137260760162 81.2019619943173 94.6568641555952 142.207845256317 128.705884270808 100.270589729442 279.080396315485 320.827455761094 43.9313732036481 49.62156936687
148.823531629408 53.9823537455763 23.372549367886 76.2431383910132 144.294119797209 66.7215696216798 96.3803935930425 141.35098249845 259.917650931898 57.2019616366894 97.403923020059 31.5745102744184
63.7450989890917 55.3196086674637 43.0607849553812 114.460786019324 131.923531377578 111.903923236126 65.1980401872128 97.8705896936796 172.276473155355 13.0549021553175 56.5882361373481 59.1294126458028
76.0862756435778 18.0039218369068 11.2725491875819 40.2784319727444 120.582354737993 110.517648705665 132.813727469275 197.625493140928 36.3823534833158 127.298041112575 247.947062518229 61.9274519031831
46.1274516677447 15.5607845455992 18.7647061619688 48.3862752308156 90.2039229127706 280.892161048364 109.541178102879 102.684315255606 21.3450983572824 26.4372552959066 160.458825920435 111.184315382266
47.9470595379963 17.9784316404485 8.97450993765218 171.113728039989 67.268628453361 131.91764902455 111.021570281801 75.5450991649254 161.980394570559 154.635296421893 21.9960787591397 12.3529413605438
66.4333343232671 41.1666672800978 79.129412943826 99.8254916835941 106.039217266382 173.521571213124 91.2098052807006 189.131375367297 208.39215996803 161.639218094887 54.0803929627234 68.0862755243685
14.5450982559545 17.1901963345853 74.2843148324128 168.327453488667 106.994119241395 75.0862756286766 173.343139837916 134.494119651177 104.00588390275 269.903925590509 348.282358130988 66.2392166733158
132.545100014292 53.3235302063472 157.149021949546 80.8470600282444 72.5333344141642 178.031375201894 132.776472566759 138.292158923459 89.0000013262032 74.1137265945766 23.649019960241 4.40980398727983
9.54509818144873 74.0352952208589 66.1647068682839 50.2901968278137 272.260788370727 111.360785973131 153.582355229732 169.770590765073 82.4607855424869 73.0588246180731 475.041183549254 45.04509871044
26.4058827464195 10.0098040707263 2.70784317760491 52.6333341176312 88.1176483718788 52.4156870555644 106.496080018288 92.0607856855381 31.1470592876568 142.521570751188 119.209805697933 78.6058835242601
38.5352946918677 58.0568636102128 41.9411770955605 75.178432492795 105.286276078692 52.7470596095218 97.3196092933123 119.092158637356 39.3549025472181 158.845100406192 90.7294131166794 52.7352949034641
21.8274513056465 7.98431384446574 32.4450985226853 78.0666678299506 82.4647071111729 53.6745106037341 83.6627463447113 122.672550847571 84.2333345885079 77.0411776185912 28.4745102282248 61.0588244392591
42.615686909533 50.6862752650883 36.756863292818 47.4529418835745 57.3588243841248 44.9333340028922 90.0921582052228 139.888237378615 114.574511511215 65.0411774397773 26.4627454923649 70.7823539959157
53.5039223658981 23.0666670103868 56.1019616202981 10.7607844740737 121.231374355508 150.231374787642 81.0313737564812 160.160786700307 78.574510974773 27.5098043314966 85.2784326432967 10.4254903514303
71.2509814538792 18.5921571397898 41.3960790482222 132.15098236136 130.933335284392 119.954903748252 160.327453369457 81.8372561214309 109.892158500266 101.531374061955 170.754904505231 95.9901975087968
41.5333339522282 97.4568641973184 72.1274520551749 124.627452837486 14.6882355129894 96.7725504616312 130.296080372935 61.3137264038418 67.3529421801076 46.1764712763184 118.103923328513 96.4156877112155
16.9490198604032 39.3745103906475 40.6843143317337 37.9647064480712 187.649022404031 87.0862758074906 48.7254909221449 163.125492626838 110.962746751513 103.850981939657 144.792159020316 72.7862755944038
20.8156865846877 28.85098082207 49.3568634805726 9.03921582096932 79.6019619704755 146.509806104735 133.837256896291 69.3941186811118 103.111766242367 58.1745106707893 79.9882364860353 31.8431377294017
44.764706549399 7.41960795369803 35.1137260134313 112.980393840402 80.3607855111945 102.237256425415 96.0686288825145 97.9941191072849 95.8254916239896 79.1098051003965 128.231374459816 22.8235297518618
30.2235298621304 22.886274850836 58.5607851863491 137.319609889359 167.294120139935 55.8764714208596 55.3039223927201 77.9941188092617 63.9215695799566 160.641178864328 85.8607855931508 71.9411775425954
142.411766827983 141.462747205998 67.8509814032152 71.7372559709291 64.4019617439777 104.427452536482 185.464708645992 162.688237718361 44.5843143898482 109.958825167926 266.421572597442 36.237255441938
68.7078441610815 56.0745106394968 46.6823536367977 44.9352947872351 133.201962769178 77.5901972346154 47.0921575644729 87.835295426495 134.723531419302 99.7235308977611 6.91764716190451 0.770588246776778
37.2509809472397 96.3529426122412 57.9352949809502 87.9254915062703 151.803923830682 188.788238107281 115.190197794899 126.752943065237 35.5803926870519 72.2862755869533 76.0196089759177 0.276470592355027
15.7196080773777 57.3764714432113 52.1274517571517 71.3411775336546 67.6803931653791 184.043139997358 86.2647071677972 134.250982392652 123.525492036752 10.3098040751967 65.8549029420988 93.4960798245727
86.3294130511144 16.400000244379 83.9117659562651 76.9019619302423 120.603923365766 51.3392164512884 78.1784325374984 121.298041023168 39.3764711749904 208.741179581074 82.1607855380165 42.2568633747744
30.4862749640848 43.7568633971262 44.3470594843521 127.888237199801 104.166668218871 92.2254915703454 84.3372561586839 171.837257462535 89.986275850704 167.313727983365 230.541179905919 114.405884057722
16.8921571144579 31.4803926259571 58.0313734137544 44.6509810575084 76.0980403496354 176.713728123436 0.0 0.0 0.0 0.0 0.0 0.0
