SPEI index with 6-month aggregation for Omo River (1998 Jan-Jun & 2018 Dec are missing)
1998 2018
   0.0000000e+00   0.0000000e+00   0.0000000e+00   0.0000000e+00   0.0000000e+00   1.3040000e+00   7.8966000e-01   7.5085000e-01   7.1989000e-01   1.5301000e+00   9.2021000e-01   3.5155000e-02
  -6.0661000e-01  -1.0481000e+00  -4.8904000e-01  -9.0921000e-01  -1.1496000e+00  -1.1575000e+00  -9.2152000e-01  -9.4707000e-01  -1.3972000e+00  -7.6025000e-01  -4.6441000e-01  -4.3406000e-01
  -8.8496000e-01  -9.0594000e-01  -1.1336000e+00  -1.5880000e+00  -1.5156000e+00  -1.6172000e+00  -1.4345000e+00  -1.2612000e+00  -9.1426000e-01   1.3417000e-01   2.9303000e-01   3.5097000e-01
   4.8758000e-01   5.7112000e-01   1.0585000e+00   3.4214000e-01   4.5210000e-01   7.5138000e-01   6.8680000e-01   6.5087000e-01   1.8480000e-01   4.7928000e-01   5.8322000e-01   5.2281000e-02
   2.5941000e-01   2.1402000e-01   4.6808000e-01  -1.7789000e-01  -1.6358000e-01  -7.9768000e-02  -6.8417000e-01  -7.6426000e-01  -1.4809000e+00  -1.3177000e+00  -1.5654000e+00  -4.8484000e-01
  -1.2786000e-01   2.1993000e-01   6.1215000e-01   8.1537000e-01   1.0373000e+00   3.0965000e-01   3.7048000e-01   8.6264000e-01   6.0674000e-01  -6.7674000e-01  -2.8147000e-01  -4.9486000e-01
  -9.5240000e-02  -6.0850000e-01  -7.8858000e-01   6.3511000e-02  -4.1536000e-01  -8.6466000e-01  -1.2165000e+00  -1.1542000e+00  -9.1123000e-01  -1.5144000e+00  -8.5446000e-02   2.3068000e-01
   3.4038000e-01   1.4836000e-01   7.4676000e-01   5.8762000e-01   9.4502000e-01   9.3188000e-01   8.7174000e-01   1.2614000e+00   6.9328000e-01   7.3922000e-01  -7.2381000e-01  -1.2773000e+00
  -1.3378000e+00  -1.0902000e+00  -3.8018000e-01  -1.5831000e-01   3.3661000e-03   4.4927000e-01   8.2670000e-01   9.4601000e-01   9.6198000e-02   6.2099000e-01   1.5158000e+00   1.9628000e+00
   2.0151000e+00   1.8681000e+00   1.9004000e+00   1.7390000e+00   1.4097000e+00   1.0937000e+00   1.4685000e+00   1.2530000e+00   1.8868000e+00   1.4111000e+00   6.5189000e-01   1.0206000e-01
  -5.2731000e-01  -8.3717000e-01  -1.6985000e+00  -1.0871000e+00  -8.8602000e-01  -6.0908000e-01  -5.1187000e-01  -4.2119000e-01  -1.2702000e-01   6.1300000e-01   8.6267000e-01   4.6221000e-01
   4.5788000e-01   5.0646000e-01   1.0855000e-01  -4.9114000e-01  -9.5432000e-01  -1.2579000e+00  -1.6576000e+00  -1.8174000e+00  -1.7960000e+00  -1.7166000e+00  -1.7652000e+00  -3.8072000e-01
   4.7566000e-01   1.3469000e+00   1.6175000e+00   1.4168000e+00   1.6542000e+00   1.3698000e+00   1.1140000e+00  -1.7551000e-03  -5.8677000e-01  -1.1301000e+00  -1.3146000e+00  -2.1891000e+00
  -1.9788000e+00  -1.8772000e+00  -1.6710000e+00  -1.4840000e+00  -1.4062000e+00  -1.2438000e+00  -1.1177000e+00  -7.0277000e-01   5.2513000e-01   9.4712000e-01   2.0474000e+00   1.9157000e+00
   1.9084000e+00   1.4021000e+00   4.3995000e-01   1.0357000e+00   1.4866000e-01   1.1571000e-01   2.1264000e-01   3.5708000e-01   1.1905000e+00   1.4407000e-01  -2.8928000e-01   3.4404000e-01
   3.7668000e-01   3.6996000e-01  -1.1698000e-01   5.8535000e-01   8.3898000e-01   4.5127000e-01   4.8119000e-01   6.1674000e-01   3.8901000e-01  -4.2261000e-01  -1.8607000e-01  -4.0397000e-01
  -6.5106000e-01  -5.4365000e-01  -4.4354000e-01  -3.9357000e-01  -3.9590000e-01  -4.9452000e-01  -3.0205000e-01  -1.1946000e-01  -1.0309000e-01   5.1029000e-01   4.0879000e-01   3.9534000e-01
   4.3468000e-02  -2.1903000e-01  -4.9120000e-01  -1.1156000e+00  -1.0583000e+00  -1.0016000e+00  -7.9005000e-01  -1.0148000e+00  -8.9282000e-01  -7.0656000e-01  -2.0682000e-02   3.8135000e-01
   3.4345000e-01   7.8247000e-01   8.5922000e-01   1.1961000e+00   1.1065000e+00   7.4397000e-01   5.9570000e-01   6.5166000e-01   3.2702000e-01  -8.0811000e-01  -1.1207000e+00  -1.5800000e+00
  -1.3537000e+00  -9.4186000e-01  -7.1881000e-01  -8.5732000e-01  -4.8192000e-01  -7.6198000e-01  -5.7950000e-01  -9.5629000e-01  -1.7938000e-01   1.3928000e+00   9.2666000e-01   1.1047000e+00
   8.2855000e-01   1.0001000e+00   3.9274000e-01   5.5110000e-01   9.3339000e-01   1.5622000e+00   1.6965000e+00   1.6710000e+00   1.5642000e+00   2.2637000e-01  -2.3620000e-01   0.0000000e+00
