1.580703161
2.546871818
15.42768317
-3.608248313
-1.468270116
6.063568727
-3.339383193
1.753883653
-7.263236561
1.510024376
-2.777100129
2.451850386
11.56344948
-1.530240938
-1.201175333
-1.225539712
4.290549538
13.01707334
0.346345702
0.488606243
5.717533906
8.68780034
0.490042037
4.841152036
11.93796046
2.074503194
4.037682999
22.44131904
0.592463416
0.695341577
-1.839096256
0.052449574
17.62272363
10.23451448
12.53134989
-0.619915945
15.06461024
0.907650549
