6.31623105
-6.345331456
7.694754872
8.11207403
-6.264592258
2.709634692
-2.389878898
-11.45008049
-10.55485857
0.555944674
-4.945970377
0.676924981
5.842834569
-1.412742978
-3.191060806
1.364061447
3.959994626
-6.013396498
8.231372454
0.799760395
1.646385051
4.954757291
2.534946334
2.897317044
5.583431274
6.677084926
6.970446672
0.837120064
-1.333578655
-1.834256385
-1.012631255
4.790188851
5.431977669
5.150165149
6.270586151
9.573223375
7.767317746
-0.718407517
