86.31533333	
95.434	
21.229	
76.93566667	
101.4906667	
14.02966667	
163.2296667	
121.1736667	
149.787	
55.19966667	
66.63466667	
32.63033333	
43.625	
66.83166667	
104.5343333	
66.80866667	
59.966	
80.10166667	
49.73633333	
36.43	
62.04633333	
50.682	
16.12266667	
85.57766667	
53.546	
49.38933333	
28.74966667	
26.08	
63.22566667	
36.62266667	
142.7016667	
55.76233333	
17.368	
45.41333333	
20.26566667	
51.657	
46.41633333	
61.34566667	
